{
    "0": {
        "W": 2832,
        "H": 2128,
        "R": [
            [
                0.9698800374693026,
                0.08567776779023098,
                0.22801761560254336
            ],
            [
                0.08295709371948604,
                -0.9963210025998681,
                0.021507681883808055
            ],
            [
                0.22902146956170372,
                -0.001944192604125209,
                -0.9734194299452588
            ]
        ],
        "t": [
            -1.4328331075646283,
            -2.6720716358382304,
            -13.071249166018442
        ],
        "E": [
            [
                0.9698800374693026,
                0.08567776779023098,
                0.22801761560254336,
                -1.4328331075646283
            ],
            [
                0.08295709371948604,
                -0.9963210025998681,
                0.021507681883808055,
                -2.6720716358382304
            ],
            [
                0.22902146956170372,
                -0.001944192604125209,
                -0.9734194299452588,
                -13.071249166018442
            ]
        ],
        "K": [
            [
                2910.22401493,
                0.0,
                1416.0
            ],
            [
                0.0,
                2910.22401493,
                1064.0
            ],
            [
                0.0,
                0.0,
                1.0
            ]
        ]
    },
    "1": {
        "W": 2832,
        "H": 2128,
        "R": [
            [
                0.9543474845196541,
                -0.011614348916772672,
                -0.2984727553567468
            ],
            [
                -0.011319749596917901,
                -0.9999322415988339,
                0.002715783532335048
            ],
            [
                -0.2984840733775791,
                0.0007868356695566413,
                -0.9544142909814152
            ]
        ],
        "t": [
            43.50383725728775,
            -2.876990997928754,
            -14.491275326085141
        ],
        "E": [
            [
                0.9543474845196541,
                -0.011614348916772672,
                -0.2984727553567468,
                43.50383725728775
            ],
            [
                -0.011319749596917901,
                -0.9999322415988339,
                0.002715783532335048,
                -2.876990997928754
            ],
            [
                -0.2984840733775791,
                0.0007868356695566413,
                -0.9544142909814152,
                -14.491275326085141
            ]
        ],
        "K": [
            [
                2910.22401493,
                0.0,
                1416.0
            ],
            [
                0.0,
                2910.22401493,
                1064.0
            ],
            [
                0.0,
                0.0,
                1.0
            ]
        ]
    },
    "2": {
        "W": 2832,
        "H": 2128,
        "R": [
            [
                0.7393114870190968,
                0.13720023118525715,
                0.6592379098054401
            ],
            [
                0.1650927803290333,
                -0.9860737025910611,
                0.020075530917070726
            ],
            [
                0.6528115340932351,
                0.0939933488130128,
                -0.751666383001168
            ]
        ],
        "t": [
            -37.44623043866143,
            1.082315966302963,
            -3.0024596030413946
        ],
        "E": [
            [
                0.7393114870190968,
                0.13720023118525715,
                0.6592379098054401,
                -37.44623043866143
            ],
            [
                0.1650927803290333,
                -0.9860737025910611,
                0.020075530917070726,
                1.082315966302963
            ],
            [
                0.6528115340932351,
                0.0939933488130128,
                -0.751666383001168,
                -3.0024596030413946
            ]
        ],
        "K": [
            [
                2910.22401493,
                0.0,
                1416.0
            ],
            [
                0.0,
                2910.22401493,
                1064.0
            ],
            [
                0.0,
                0.0,
                1.0
            ]
        ]
    },
    "3": {
        "W": 2832,
        "H": 2128,
        "R": [
            [
                0.8314181429623293,
                0.13553576672206488,
                0.5388635518312535
            ],
            [
                0.15406774489364175,
                -0.9880013599332571,
                0.010790864350292681
            ],
            [
                0.5338604701010552,
                0.07404977183692538,
                -0.8423239458512597
            ]
        ],
        "t": [
            -28.30153682126901,
            0.05600513682064459,
            -3.0235837781900603
        ],
        "E": [
            [
                0.8314181429623293,
                0.13553576672206488,
                0.5388635518312535,
                -28.30153682126901
            ],
            [
                0.15406774489364175,
                -0.9880013599332571,
                0.010790864350292681,
                0.05600513682064459
            ],
            [
                0.5338604701010552,
                0.07404977183692538,
                -0.8423239458512597,
                -3.0235837781900603
            ]
        ],
        "K": [
            [
                2910.22401493,
                0.0,
                1416.0
            ],
            [
                0.0,
                2910.22401493,
                1064.0
            ],
            [
                0.0,
                0.0,
                1.0
            ]
        ]
    },
    "4": {
        "W": 2832,
        "H": 2128,
        "R": [
            [
                0.8749684295425499,
                0.10946809691005124,
                0.4716428554136006
            ],
            [
                0.13575665556541613,
                -0.9904989266432795,
                -0.02195465299659424
            ],
            [
                0.46475840796428414,
                0.08323828492586523,
                -0.8815163130362738
            ]
        ],
        "t": [
            -17.904395497377852,
            -1.0769950626589755,
            -7.004557513530644
        ],
        "E": [
            [
                0.8749684295425499,
                0.10946809691005124,
                0.4716428554136006,
                -17.904395497377852
            ],
            [
                0.13575665556541613,
                -0.9904989266432795,
                -0.02195465299659424,
                -1.0769950626589755
            ],
            [
                0.46475840796428414,
                0.08323828492586523,
                -0.8815163130362738,
                -7.004557513530644
            ]
        ],
        "K": [
            [
                2910.22401493,
                0.0,
                1416.0
            ],
            [
                0.0,
                2910.22401493,
                1064.0
            ],
            [
                0.0,
                0.0,
                1.0
            ]
        ]
    },
    "5": {
        "W": 2832,
        "H": 2128,
        "R": [
            [
                0.7020182613170949,
                0.21600308060112725,
                0.6786111036141826
            ],
            [
                0.15238863987244136,
                -0.9763840974757664,
                0.15313979441766695
            ],
            [
                0.6956637572961979,
                -0.0040943091335244736,
                -0.7183558821486404
            ]
        ],
        "t": [
            -46.25481401641903,
            -1.0925477290616286,
            3.552203457996022
        ],
        "E": [
            [
                0.7020182613170949,
                0.21600308060112725,
                0.6786111036141826,
                -46.25481401641903
            ],
            [
                0.15238863987244136,
                -0.9763840974757664,
                0.15313979441766695,
                -1.0925477290616286
            ],
            [
                0.6956637572961979,
                -0.0040943091335244736,
                -0.7183558821486404,
                3.552203457996022
            ]
        ],
        "K": [
            [
                2910.22401493,
                0.0,
                1416.0
            ],
            [
                0.0,
                2910.22401493,
                1064.0
            ],
            [
                0.0,
                0.0,
                1.0
            ]
        ]
    },
    "6": {
        "W": 2832,
        "H": 2128,
        "R": [
            [
                0.9425742639514525,
                0.09341346104578148,
                0.3206675571861675
            ],
            [
                0.09069761798007873,
                -0.9956028046800978,
                0.023430693669981722
            ],
            [
                0.32144626149488104,
                0.0069986147604427645,
                -0.9469019592134784
            ]
        ],
        "t": [
            -9.605278819783626,
            -1.9906521513371611,
            -11.167092155143603
        ],
        "E": [
            [
                0.9425742639514525,
                0.09341346104578148,
                0.3206675571861675,
                -9.605278819783626
            ],
            [
                0.09069761798007873,
                -0.9956028046800978,
                0.023430693669981722,
                -1.9906521513371611
            ],
            [
                0.32144626149488104,
                0.0069986147604427645,
                -0.9469019592134784,
                -11.167092155143603
            ]
        ],
        "K": [
            [
                2910.22401493,
                0.0,
                1416.0
            ],
            [
                0.0,
                2910.22401493,
                1064.0
            ],
            [
                0.0,
                0.0,
                1.0
            ]
        ]
    },
    "7": {
        "W": 2832,
        "H": 2128,
        "R": [
            [
                0.9868191253389872,
                0.07162663607419166,
                0.14511250418173705
            ],
            [
                0.06724358272512472,
                -0.9971262282145132,
                0.034893919083251006
            ],
            [
                0.14719481800487627,
                -0.024676102029989756,
                -0.9887996640073861
            ]
        ],
        "t": [
            7.371251916702569,
            -2.625365418624238,
            -13.4146269528822
        ],
        "E": [
            [
                0.9868191253389872,
                0.07162663607419166,
                0.14511250418173705,
                7.371251916702569
            ],
            [
                0.06724358272512472,
                -0.9971262282145132,
                0.034893919083251006,
                -2.625365418624238
            ],
            [
                0.14719481800487627,
                -0.024676102029989756,
                -0.9887996640073861,
                -13.4146269528822
            ]
        ],
        "K": [
            [
                2910.22401493,
                0.0,
                1416.0
            ],
            [
                0.0,
                2910.22401493,
                1064.0
            ],
            [
                0.0,
                0.0,
                1.0
            ]
        ]
    },
    "8": {
        "W": 2832,
        "H": 2128,
        "R": [
            [
                0.9983547888795531,
                0.056015142581267705,
                0.012248237540977284
            ],
            [
                0.055819033192649775,
                -0.9983157770910358,
                0.015806477930145092
            ],
            [
                0.013113010893681819,
                -0.01509678815902744,
                -0.9998000479758856
            ]
        ],
        "t": [
            16.13608177425766,
            -2.770726224393213,
            -13.675128850958357
        ],
        "E": [
            [
                0.9983547888795531,
                0.056015142581267705,
                0.012248237540977284,
                16.13608177425766
            ],
            [
                0.055819033192649775,
                -0.9983157770910358,
                0.015806477930145092,
                -2.770726224393213
            ],
            [
                0.013113010893681819,
                -0.01509678815902744,
                -0.9998000479758856,
                -13.675128850958357
            ]
        ],
        "K": [
            [
                2910.22401493,
                0.0,
                1416.0
            ],
            [
                0.0,
                2910.22401493,
                1064.0
            ],
            [
                0.0,
                0.0,
                1.0
            ]
        ]
    },
    "9": {
        "W": 2832,
        "H": 2128,
        "R": [
            [
                0.9829052589785272,
                0.031379734094259155,
                -0.1814182023958105
            ],
            [
                0.03454884252211444,
                -0.9993002108775432,
                0.014334085965967126
            ],
            [
                -0.18084144810506195,
                -0.020356837383817456,
                -0.9833015660614969
            ]
        ],
        "t": [
            30.203066757714456,
            -2.360055400234733,
            -14.975406326959597
        ],
        "E": [
            [
                0.9829052589785272,
                0.031379734094259155,
                -0.1814182023958105,
                30.203066757714456
            ],
            [
                0.03454884252211444,
                -0.9993002108775432,
                0.014334085965967126,
                -2.360055400234733
            ],
            [
                -0.18084144810506195,
                -0.020356837383817456,
                -0.9833015660614969,
                -14.975406326959597
            ]
        ],
        "K": [
            [
                2910.22401493,
                0.0,
                1416.0
            ],
            [
                0.0,
                2910.22401493,
                1064.0
            ],
            [
                0.0,
                0.0,
                1.0
            ]
        ]
    },
    "10": {
        "W": 2832,
        "H": 2128,
        "R": [
            [
                0.9962246103084291,
                0.050108937728137695,
                -0.07089160864007223
            ],
            [
                0.05387001153226521,
                -0.997183904366627,
                0.05217549932338198
            ],
            [
                -0.06807751224400872,
                -0.055797448256064884,
                -0.9961185155867648
            ]
        ],
        "t": [
            21.338644477908645,
            -2.207931611444731,
            -15.246130376153763
        ],
        "E": [
            [
                0.9962246103084291,
                0.050108937728137695,
                -0.07089160864007223,
                21.338644477908645
            ],
            [
                0.05387001153226521,
                -0.997183904366627,
                0.05217549932338198,
                -2.207931611444731
            ],
            [
                -0.06807751224400872,
                -0.055797448256064884,
                -0.9961185155867648,
                -15.246130376153763
            ]
        ],
        "K": [
            [
                2910.22401493,
                0.0,
                1416.0
            ],
            [
                0.0,
                2910.22401493,
                1064.0
            ],
            [
                0.0,
                0.0,
                1.0
            ]
        ]
    }
}